3c011001
34211000
0001e820
3c011001
34210000
00018020
3c011001
34210064
00018820
20120004
20130003
00004020
20080001
00000000
00000000
00000000
ae080000
2008fffd
00000000
00000000
00000000
ae080004
20080005
00000000
00000000
00000000
ae080008
20080007
00000000
00000000
00000000
ae08000c
20080009
00000000
00000000
00000000
ae080010
20080000
00000000
00000000
00000000
ae080014
20080002
00000000
00000000
00000000
ae080018
2008fffc
00000000
00000000
00000000
ae08001c
20080006
00000000
00000000
00000000
ae080020
20080008
00000000
00000000
00000000
ae080024
20080001
00000000
00000000
00000000
ae080028
20080003
00000000
00000000
00000000
ae08002c
2008ffff
00000000
00000000
00000000
ae080030
20080000
00000000
00000000
00000000
ae080034
20080001
00000000
00000000
00000000
ae080038
20080000
00000000
00000000
00000000
ae08003c
20080000
00000000
00000000
00000000
ae080040
20080000
00000000
00000000
00000000
ae080044
2008fffb
00000000
00000000
00000000
ae080048
20080007
00000000
00000000
00000000
ae08004c
20080009
00000000
00000000
00000000
ae080050
20080000
00000000
00000000
00000000
ae080054
20080001
00000000
00000000
00000000
ae080058
20080000
00000000
00000000
00000000
ae08005c
00000000
00000000
00004820
11120026
00000000
00000000
11330020
00000000
00082020
00092820
0c1000b0
00000000
00000000
02025020
00092020
00082820
0c1000d4
00000000
00000000
02225820
8d4c0000
00000000
00000000
00000000
ad6c0000
8d4c0004
00000000
00000000
00000000
000c6022
00000000
00000000
00000000
ad6c0004
21290001
00000000
00000000
0810008a
00000000
21080001
08100086
00000000
08100100
00000000
00046020
01846020
01846020
01846020
01846020
01846020
01846020
01846020
01846020
01846020
01846020
01846020
01846020
01846020
01846020
01846020
01846020
01846020
01846020
01846020
01846020
01846020
01846020
01846020
00056820
01a56820
01a56820
01a56820
01a56820
01a56820
01a56820
01a56820
018d1020
03e00008
00000000
00000000
00046020
01846020
01846020
01846020
01846020
01846020
01846020
01846020
01846020
01846020
01846020
01846020
01846020
01846020
01846020
01846020
01846020
01846020
01846020
01846020
01846020
01846020
01846020
01846020
01846020
01846020
01846020
01846020
01846020
01846020
01846020
01846020
00056820
01a56820
01a56820
01a56820
01a56820
01a56820
01a56820
01a56820
018d1020
03e00008
00000000
00000000
